average = 49.436
variance = 854.9739040000001
standard_deviation = 29.239936798837306